bass                 F4_3230,314,31446,5000021,500,17680,0,065704,64010,5
low-bass             F4_4220,013,01360,6002010,500,15662,0,075504,63010,6
bright-bass          F4_0045,310,00206,3040030,050,25872,0,478804,44021,5
guitar               F3_0104,81400,7000021,050,16670,0,065704,b4011,5
rich-guitar          F3_4220,01320,3000040,330,17782,0,065904,65010,6
heavy                F3_5220,00305,6000000,500,15680,0,055804,54010,5
twangy-guitar        F4_3100,705,80507,5030030,330,17470,0,063706,74010,6
bell                 F3_7110,81490,8030201,330,06040,0,055605,b5010,8
strong-piano         F3_3150,11000,8030001,330,17380,0,046806,55010,7
clean-dualtone       F3_3120,11200,5030001,340,17380,0,046806,65010,7
sweet-dualtone       F3_1210,42200,5000001,550,27670,0,367503,84010,5
tender               F3_1100,51000,4040001,340,17580,0,056805,73010,6
gong                 F3_2180,71167,6000120,500,29092,0,265805,84010,5
formant-organ        F5,00201,702,300,5040500,050,0aa70,0,088950,92010,8
noisy-organ          F4_0100,510,51000,8310040,440,17662,0,073805,62110,8
noise                F3_0100,31000,6060000,005,17652,0,063800,84000,6
noise-burst          F5,01000,310,300,6060000,005,06052,0,063800,66000,7
drum                 F3_0100,31000,6060000,005,05052,0,063804,54010,6
TEST                 F3_0120,31000,0040000,500,0aa00,0,0aa000,80110,8
